##TITLE= Parameter file, TOPSPIN		Version 2.1
##JCAMPDX= 5.0
##DATATYPE= Parameter Values
##NPOINTS= 16	$$ modification sequence number
##ORIGIN= Bruker BioSpin GmbH
##OWNER= mfjofre
$$ 2011-01-13 10:33:52.468 -0600  mfjofre@watusi.nmrfam.wisc.edu
$$ /banyo2/data/mfjofre/nmr/cq_00098-100mm-d2o-12-23-10/8/pdata/1/clevels
$$ process /opt/topspin/prog/mod/dataserver
##$LEVELS= (0..255)
-829487.8 -691239.8 -576033.2 -480027.7 -400023 -333352.5 -277793.8 -231494.8
-192912.3 -160760.3 -133966.9 -111639.1 -93032.6 -77527.1 -64606 -53838.3
-44865.2 -37387.7 -31156.4 -25963.7 -21636.4 -18030.3 -15025.3 -12521.1
-10434.2 -8695.2 -7246 -6038.3 -5031.9 -4193.3 -3494.4 -2912 2912 3494.4
4193.3 5031.9 6038.3 7246 8695.2 10434.2 12521.1 15025.3 18030.3 21636.4
25963.7 31156.4 37387.7 44865.2 53838.3 64606 77527.1 93032.6 111639.1
133966.9 160760.3 192912.3 231494.8 277793.8 333352.5 400023 480027.7 576033.2
691239.8 829487.8 0 0 0 0 0 0 0 0 0 0 0 0 0 0 0 0 0 0 0 0 0 0 0 0 0 0 0
0 0 0 0 0 0 0 0 0 0 0 0 0 0 0 0 0 0 0 0 0 0 0 0 0 0 0 0 0 0 0 0 0 0 0 0
0 0 0 0 0 0 0 0 0 0 0 0 0 0 0 0 0 0 0 0 0 0 0 0 0 0 0 0 0 0 0 0 0 0 0 0
0 0 0 0 0 0 0 0 0 0 0 0 0 0 0 0 0 0 0 0 0 0 0 0 0 0 0 0 0 0 0 0 0 0 0 0
0 0 0 0 0 0 0 0 0 0 0 0 0 0 0 0 0 0 0 0 0 0 0 0 0 0 0 0 0 0 0 0 0 0 0 0
0 0 0 0 0 0 0 0 0 0 0 0 0 0 0 0 0 0 0 0 0
##$LEVSIGN= 3
##$MAXLEV= 64
##$METHOD= 0
##$NEGBASE= -2912
##$NEGINCR= 1.2
##$POSBASE= 2912
##$POSINCR= 1.2
##END=
