##TITLE= Parameter file, TOPSPIN		Version 2.1
##JCAMPDX= 5.0
##DATATYPE= Parameter Values
##NPOINTS= 16	$$ modification sequence number
##ORIGIN= Bruker BioSpin GmbH
##OWNER= mfjofre
$$ 2011-01-12 11:53:15.140 -0600  mfjofre@watusi.nmrfam.wisc.edu
$$ /banyo2/data/mfjofre/nmr/cq_00098-100mm-d2o-12-23-10/6/pdata/1/clevels
$$ process /opt/topspin/prog/mod/dataserver
##$LEVELS= (0..255)
-2372642.7 -1977202.3 -1647668.6 -1373057.1 -1144214.3 -953511.9 -794593.2
-662161 -551800.9 -459834.1 -383195 -319329.2 -266107.7 -221756.4 -184797
-153997.5 -128331.2 -106942.7 -89118.9 -74265.8 -61888.1 -51573.4 -42977.9
-35814.9 -29845.7 -24871.5 -20726.2 -17271.8 -14393.2 -11994.3 -9995.3
-8329.4 8329.4 9995.3 11994.3 14393.2 17271.8 20726.2 24871.5 29845.7 35814.9
42977.9 51573.4 61888.1 74265.8 89118.9 106942.7 128331.2 153997.5 184797
221756.4 266107.7 319329.2 383195 459834.1 551800.9 662161 794593.2 953511.9
1144214.3 1373057.1 1647668.6 1977202.3 2372642.7 0 0 0 0 0 0 0 0 0 0 0
0 0 0 0 0 0 0 0 0 0 0 0 0 0 0 0 0 0 0 0 0 0 0 0 0 0 0 0 0 0 0 0 0 0 0 0
0 0 0 0 0 0 0 0 0 0 0 0 0 0 0 0 0 0 0 0 0 0 0 0 0 0 0 0 0 0 0 0 0 0 0 0
0 0 0 0 0 0 0 0 0 0 0 0 0 0 0 0 0 0 0 0 0 0 0 0 0 0 0 0 0 0 0 0 0 0 0 0
0 0 0 0 0 0 0 0 0 0 0 0 0 0 0 0 0 0 0 0 0 0 0 0 0 0 0 0 0 0 0 0 0 0 0 0
0 0 0 0 0 0 0 0 0 0 0 0 0 0 0 0 0 0 0 0 0 0 0 0 0 0 0 0 0 0 0 0 0 0 0 0
0
##$LEVSIGN= 3
##$MAXLEV= 64
##$METHOD= 0
##$NEGBASE= -8329.4
##$NEGINCR= 1.2
##$POSBASE= 8329.4
##$POSINCR= 1.2
##END=
