91
1 0 0
0 0 1
1 2.9731e+08 0
2 0 0
0 0 1
1 2.30169e+08 0
3 0 0
0 0 1
1 1.56616e+08 0
4 0 0
0 0 1
1 1.00645e+08 0
5 0 0
0 0 1
1 6.84144e+07 0
6 0 0
0 0 1
1 5.03882e+07 0
7 0 0
0 0 1
1 3.66398e+07 0
8 0 0
0 0 1
1 2.5658e+07 0
9 0 0
0 0 1
1 1.96591e+07 0
10 0 0
0 0 1
1 1.7552e+07 0
11 0 0
0 0 1
1 1.58487e+07 0
12 0 0
0 0 1
1 1.35039e+07 0
13 0 0
0 0 1
1 1.20925e+07 0
14 0 0
0 0 1
1 1.21329e+07 0
15 0 0
0 0 1
1 1.21998e+07 0
16 0 0
0 0 1
1 1.14355e+07 0
17 0 0
0 0 1
1 1.04293e+07 0
18 0 0
0 0 1
1 9.40977e+06 0
19 0 0
0 0 1
1 7.67882e+06 0
20 0 0
0 0 1
1 5.28513e+06 0
21 0 0
0 0 1
1 3.47136e+06 0
22 0 0
0 0 1
1 2.8413e+06 0
23 0 0
0 0 1
1 2.53769e+06 0
24 0 0
0 0 1
1 1.83426e+06 0
25 0 0
0 0 1
1 1.20882e+06 0
26 0 0
0 0 1
1 1.17006e+06 0
27 0 0
0 0 1
1 1.23869e+06 0
28 0 0
0 0 1
1 886395 0
29 0 0
0 0 1
1 482468 0
30 0 0
0 0 1
1 501581 0
-1 0 0
