91
1 0 0
0 0 1
1 2.89248e+08 0
2 0 0
0 0 1
1 2.61277e+08 0
3 0 0
0 0 1
1 2.22306e+08 0
4 0 0
0 0 1
1 1.70299e+08 0
5 0 0
0 0 1
1 1.16525e+08 0
6 0 0
0 0 1
1 7.5766e+07 0
7 0 0
0 0 1
1 5.26544e+07 0
8 0 0
0 0 1
1 4.04199e+07 0
9 0 0
0 0 1
1 3.11151e+07 0
10 0 0
0 0 1
1 2.30503e+07 0
11 0 0
0 0 1
1 1.81275e+07 0
12 0 0
0 0 1
1 1.62332e+07 0
13 0 0
0 0 1
1 1.50968e+07 0
14 0 0
0 0 1
1 1.36292e+07 0
15 0 0
0 0 1
1 1.24412e+07 0
16 0 0
0 0 1
1 1.16515e+07 0
17 0 0
0 0 1
1 1.04624e+07 0
18 0 0
0 0 1
1 8.77158e+06 0
19 0 0
0 0 1
1 7.33183e+06 0
20 0 0
0 0 1
1 6.22975e+06 0
21 0 0
0 0 1
1 4.76347e+06 0
22 0 0
0 0 1
1 2.96238e+06 0
23 0 0
0 0 1
1 1.77744e+06 0
24 0 0
0 0 1
1 1.50301e+06 0
25 0 0
0 0 1
1 1.31891e+06 0
26 0 0
0 0 1
1 735153 0
27 0 0
0 0 1
1 279496 0
28 0 0
0 0 1
1 332063 0
29 0 0
0 0 1
1 402918 0
30 0 0
0 0 1
1 94965 0
-1 0 0
